4294967279,115
4294967279,114
4294967279,113
4294967279,112
4294967279,111
4294967279,110
4294967279,109
4294967279,108
4294967279,107
4294967279,106
4294967279,105
4294967279,104
4294967279,103
4294967279,102
4294967279,101
4294967279,100
4294967279,99
4294967279,98
4294967279,97
4294967279,96
4294967279,95
4294967294,443
4294967294,520
4294967294,444
4294967294,428
4294967294,429
4294967294,993
4294967294,992
4294967294,1007
4294967294,431
4294967294,538
4294967294,424
4294967278,276
4294967294,423
4294967278,37
4294967278,36
4294967278,35
4294967278,34
4294967278,33
4294967278,32
4294967278,31
4294967278,30
4294967278,29
4294967278,28
4294967278,27
4294967278,26
4294967278,25
4294967278,24
4294967278,23
4294967278,21
4294967278,20
4294967278,18
4294967278,17
4294967278,15
4294967278,14
4294967278,12
4294967278,11
4294967278,10
4294967278,9
4294967278,8
4294967278,7
4294967278,6
4294967278,5
4294967278,4
4294967279,132
4294967279,131
4294967279,130
4294967279,129
4294967279,128
4294967279,127
4294967279,126
4294967279,125
4294967279,124
4294967279,123
4294967279,122
4294967279,121
4294967279,120
4294967279,119
4294967279,118
4294967279,117
4294967279,116
4294967279,24
4294967279,23
4294967279,22
4294967279,21
4294967279,20
4294967279,18
4294967279,17
4294967279,16
4294967279,15
4294967279,13
4294967279,12
4294967279,11
4294967294,427
4294967294,5
4294967279,137
4294967278,136
4294967279,136
65,4
4294967278,135
65,3
65,2
65,1
4294967278,367
4294967278,22
4294967279,135
4294967294,196
4294967294,1006
4294967294,198
4294967294,176
4294967294,185
4294967278,134
4294967278,279
4294967278,19
4294967279,133
4294967278,133
64,4
4294967278,272
64,3
64,2
64,1
4294967278,273
4294967278,271
4294967278,16
4294967279,274
4294967278,270
4294967279,273
63,4
4294967278,269
63,3
63,2
63,1
4294967278,283
4294967279,272
4294967278,268
4294967278,13
4294967278,281
4294967279,271
4294967278,282
4294967278,265
4294967279,270
62,4
62,3
62,2
62,1
4294967279,269
4294967279,287
4294967279,267
61,4
61,3
61,2
61,1
4294967279,266
4294967294,392
4294967294,115
4294967279,265
4294967279,264
60,4
60,3
60,2
60,1
4294967279,263
4294967279,262
4294967279,284
59,4
59,3
59,2
59,1
4294967279,259
4294967279,258
4294967278,366
4294967279,434
58,5
58,4
4294967279,433
58,3
58,2
58,1
4294967279,432
4294967278,365
57,5
4294967279,431
57,4
4294967278,364
57,3
57,2
57,1
4294967278,255
4294967279,430
4294967278,363
56,4
4294967278,254
56,3
56,2
56,1
4294967294,390
4294967294,114
4294967294,426
4294967294,472
4294967294,471
4294967278,253
4294967294,387
4294967294,388
4294967278,252
55,4
4294967278,250
55,3
55,2
55,1
4294967278,249
4294967278,248
4294967278,246
54,4
4294967278,244
54,3
54,2
54,1
4294967278,243
4294967294,409
4294967294,438
4294967294,397
4294967294,414
4294967294,129
4294967294,179
4294967294,407
4294967294,420
4294967294,384
4294967294,425
4294967294,411
4294967294,168
4294967294,1013
4294967294,403
4294967294,461
4294967294,450
4294967294,454
4294967294,116
4294967294,189
4294967278,242
4294967278,240
53,4
4294967278,238
53,3
53,2
53,1
4294967278,237
4294967294,200
4294967278,236
52,4
4294967278,234
52,3
52,2
52,1
4294967278,233
4294967278,232
4294967278,230
51,5
4294967278,228
51,4
51,3
51,2
51,1
4294967278,226
4294967294,37
4294967294,36
4294967294,41
4294967294,39
4294967294,29
4294967294,155
4294967294,1020
4294967278,224
4294967278,222
50,4
50,3
50,2
50,1
4294967278,220
4294967294,393
4294967294,42
4294967278,218
4294967294,89
4294967278,216
49,4
49,3
49,2
49,1
4294967278,214
4294967294,52
4294967294,53
4294967294,51
0,5
4294967278,213
4294967278,212
48,5
48,4
4294967278,211
48,3
48,2
48,1
4294967278,0
4294967294,1361
4294967294,120
4294967294,92
4294967294,90
4294967294,87
4294967294,86
4294967294,84
4294967294,83
4294967278,210
4294967294,17
4294967294,99
4294967294,76
4294967294,157
4294967294,107
4294967294,470
4294967294,7
4294967278,209
4294967294,6
4294967294,94
4294967294,93
4294967294,96
4294967294,95
47,5
4294967278,208
47,4
47,3
47,2
47,1
4294967279,429
4294967279,0
4294967294,9
4294967278,207
4294967294,8
0,7
4294967294,38
4294967294,40
4294967294,441
4294967294,46
4294967294,389
4294967294,2
4294967294,0
4294967294,1
4294967294,430
4294967294,45
4294967294,44
4294967294,43
4294967294,418
4294967294,159
4294967294,156
4294967294,419
4294967294,28
4294967294,27
4294967294,26
4294967294,25
4294967294,91
4294967294,88
4294967294,85
4294967294,203
4294967294,82
4294967294,69
4294967278,206
4294967294,67
4294967294,68
4294967278,132
4294967278,131
4294967278,130
4294967278,129
4294967278,128
4294967278,127
4294967278,126
4294967278,125
4294967278,124
4294967278,123
4294967278,122
4294967278,121
4294967278,120
4294967278,119
4294967278,118
4294967278,117
4294967278,116
4294967278,115
4294967278,114
4294967278,113
4294967278,112
4294967278,111
4294967278,110
4294967278,109
4294967278,108
4294967278,107
4294967278,106
4294967278,105
4294967278,104
4294967278,103
4294967278,102
4294967278,101
4294967278,100
4294967278,99
4294967278,98
4294967278,97
4294967278,96
4294967278,95
4294967278,94
4294967278,93
4294967278,92
4294967278,91
4294967278,90
4294967278,89
4294967278,87
4294967278,86
4294967278,85
4294967278,84
4294967278,83
4294967278,82
4294967278,81
4294967278,80
4294967278,79
4294967278,78
4294967278,77
4294967278,76
4294967278,75
4294967278,174
4294967278,260
4294967278,74
